x1,y1
20.374,1
21,1.5522
